01111100000000110001000000000000
00000000000000000000000000000000
01100100010001000000101101001010
01110100011000010110000000010100
01100100100000110000000000000001
00000000000000000000000000000000
01111100000001010001100000000000
00110000010000010000100000111000
00110111110001000000000010110100
00000000000000000000000000000000
00010111110000110000000010110100
01100100010000110000001101111010
00110100011000000000000000000100
01111100000000100010100000000000
00111100011000100000000000001110
00000000000000000000000000000000
01010100000000000000000000001110
00000000000000000000000000000000
